 Container game-census-p2-integration-web-run-71f554078db9 Creating 
 Container game-census-p2-integration-web-run-71f554078db9 Created 
{
  "policy": {
    "version": 1,
    "pinned_app_ids": [
      440,
      570
    ],
    "cadence_seconds": 300,
    "enabled": true,
    "max_apps": 3,
    "exploration_slots": 1,
    "candidate_limit": 1000,
    "max_evidence_samples": 5000,
    "min_samples": 3,
    "evidence_max_age_seconds": 3600,
    "min_residency_seconds": 3600,
    "reconcile_interval_seconds": 3600,
    "promote_above": 1000,
    "demote_below": 100,
    "max_replacements": 1,
    "discovery_webapi_reserve": 20,
    "discovery_store_reserve": 2
  },
  "policy_hash": "db51f2aeea6d03308e8086b84413e2e47fa0803719696271b0b66ae9880c8503",
  "members": [
    {
      "app_id": 10,
      "role": "exploration",
      "since": "2026-09-07T23:56:14.871348+00:00"
    },
    {
      "app_id": 440,
      "role": "pinned",
      "since": "2026-09-07T23:55:34.786054+00:00"
    },
    {
      "app_id": 570,
      "role": "pinned",
      "since": "2026-09-06T04:04:34.435079+00:00"
    }
  ],
  "app_ids": [
    10,
    440,
    570
  ],
  "changes": [
    {
      "app_id": 10,
      "action": "explore",
      "reason": "reserved exploration slot"
    }
  ],
  "deferred": [],
  "candidate_count": 1000,
  "exploration_cursor": 10,
  "exploration_slots_filled": 1,
  "exploration_slots_reserved": 1,
  "admitted": true,
  "errors": [],
  "operation": "cohort_reconcile",
  "previous_id": null,
  "recorded_at": "2026-09-07T23:56:14.871348+00:00",
  "basis": {
    "initial_tracking": [
      {
        "app_id": 440,
        "interval_id": 2
      },
      {
        "app_id": 570,
        "interval_id": 1
      }
    ],
    "candidates": [
      10,
      20,
      30,
      40,
      50,
      60,
      70,
      80,
      130,
      220,
      240,
      300,
      320,
      360,
      400,
      440,
      500,
      550,
      570,
      620,
      630,
      730,
      1002,
      1200,
      1250,
      1300,
      1313,
      1500,
      1510,
      1520,
      1530,
      1600,
      1610,
      1620,
      1630,
      1640,
      1670,
      1690,
      1700,
      1900,
      1930,
      2100,
      2200,
      2210,
      2270,
      2280,
      2310,
      2320,
      2400,
      2420,
      2450,
      2500,
      2520,
      2540,
      2590,
      2600,
      2610,
      2620,
      2630,
      2640,
      2700,
      2710,
      2720,
      2800,
      2810,
      2820,
      2840,
      2850,
      2870,
      2900,
      2910,
      2920,
      2990,
      3010,
      3020,
      3050,
      3130,
      3170,
      3230,
      3260,
      3270,
      3300,
      3310,
      3320,
      3330,
      3340,
      3350,
      3360,
      3380,
      3390,
      3400,
      3410,
      3420,
      3430,
      3450,
      3460,
      3480,
      3483,
      3490,
      3500,
      3510,
      3520,
      3530,
      3540,
      3560,
      3570,
      3580,
      3590,
      3600,
      3610,
      3620,
      3700,
      3710,
      3720,
      3730,
      3800,
      3810,
      3820,
      3830,
      3900,
      3910,
      3920,
      3960,
      3980,
      3990,
      4000,
      4100,
      4230,
      4290,
      4300,
      4420,
      4460,
      4470,
      4520,
      4530,
      4560,
      4570,
      4700,
      4770,
      4800,
      4850,
      4870,
      4880,
      4890,
      4900,
      4920,
      6000,
      6010,
      6020,
      6030,
      6040,
      6060,
      6080,
      6100,
      6120,
      6200,
      6210,
      6220,
      6250,
      6270,
      6300,
      6310,
      6370,
      6400,
      6420,
      6510,
      6600,
      6800,
      6810,
      6830,
      6840,
      6850,
      6860,
      6870,
      6880,
      6900,
      6910,
      6920,
      6980,
      7000,
      7010,
      7020,
      7110,
      7200,
      7210,
      7220,
      7260,
      7340,
      7510,
      7520,
      7530,
      7600,
      7610,
      7620,
      7650,
      7660,
      7670,
      7730,
      7760,
      7770,
      7800,
      7840,
      7860,
      7940,
      8000,
      8040,
      8060,
      8080,
      8100,
      8140,
      8170,
      8190,
      8330,
      8400,
      8500,
      8600,
      8780,
      8790,
      8800,
      8850,
      8870,
      8880,
      8890,
      8930,
      8970,
      9010,
      9060,
      9180,
      9200,
      9340,
      9350,
      9420,
      9460,
      9480,
      9500,
      9710,
      9730,
      9760,
      9800,
      9850,
      9880,
      9900,
      9940,
      9960,
      9970,
      9980,
      10090,
      10100,
      10110,
      10120,
      10130,
      10140,
      10150,
      10180,
      10220,
      10230,
      10240,
      10250,
      10260,
      10270,
      10460,
      10500,
      10520,
      10680,
      11020,
      11040,
      11050,
      11130,
      11140,
      11150,
      11180,
      11190,
      11200,
      11230,
      11240,
      11250,
      11260,
      11280,
      11340,
      11370,
      11390,
      11450,
      11550,
      11610,
      12130,
      12140,
      12150,
      12200,
      12210,
      12220,
      12310,
      12320,
      12330,
      12360,
      12364,
      12390,
      12420,
      12430,
      12440,
      12450,
      12460,
      12470,
      12480,
      12500,
      12510,
      12520,
      12530,
      12540,
      12560,
      12570,
      12580,
      12590,
      12600,
      12640,
      12650,
      12660,
      12670,
      12690,
      12710,
      12810,
      12900,
      13000,
      13500,
      13520,
      13530,
      13540,
      13560,
      13570,
      13580,
      13600,
      13620,
      13630,
      15000,
      15080,
      15100,
      15120,
      15160,
      15170,
      15190,
      15200,
      15210,
      15240,
      15300,
      15320,
      15350,
      15370,
      15380,
      15390,
      15400,
      15500,
      15520,
      15560,
      15620,
      15700,
      15710,
      15740,
      15750,
      15800,
      15900,
      15910,
      15920,
      15930,
      15960,
      15970,
      16000,
      16020,
      16030,
      16040,
      16060,
      16100,
      16110,
      16120,
      16130,
      16180,
      16200,
      16300,
      16450,
      16500,
      16600,
      16620,
      16710,
      16720,
      16730,
      16810,
      16900,
      17100,
      17120,
      17140,
      17180,
      17330,
      17390,
      17410,
      17440,
      17460,
      17470,
      17480,
      17500,
      17570,
      17580,
      17710,
      17740,
      18000,
      18020,
      18040,
      18050,
      18070,
      18120,
      18300,
      18400,
      18420,
      18430,
      18470,
      18480,
      18500,
      18600,
      18700,
      18820,
      19000,
      19020,
      19030,
      19080,
      19200,
      19320,
      19500,
      19680,
      19800,
      19810,
      19830,
      19900,
      19980,
      20200,
      20500,
      20530,
      20540,
      20550,
      20700,
      20710,
      20820,
      20900,
      20920,
      21000,
      21010,
      21030,
      21090,
      21100,
      21130,
      21300,
      21500,
      21660,
      21670,
      21680,
      21690,
      21780,
      21800,
      21970,
      21980,
      22000,
      22100,
      22120,
      22130,
      22140,
      22180,
      22200,
      22230,
      22300,
      22310,
      22320,
      22330,
      22340,
      22350,
      22370,
      22380,
      22450,
      22490,
      22500,
      22600,
      22610,
      22650,
      22670,
      23150,
      23300,
      23380,
      23400,
      23420,
      23450,
      23455,
      23460,
      23490,
      23500,
      23530,
      23600,
      23700,
      24010,
      24200,
      24240,
      24400,
      24410,
      24420,
      24460,
      24480,
      24720,
      24780,
      24790,
      24800,
      24810,
      24880,
      25000,
      25010,
      25500,
      25600,
      25620,
      25700,
      25800,
      25808,
      25830,
      25850,
      25890,
      25900,
      25910,
      25930,
      25980,
      25990,
      26000,
      26300,
      26500,
      26800,
      26900,
      27000,
      27020,
      27050,
      27200,
      27400,
      27800,
      27810,
      27900,
      27920,
      27940,
      28000,
      29120,
      29130,
      29160,
      29180,
      29720,
      29800,
      29900,
      31100,
      31170,
      31270,
      31300,
      31700,
      31800,
      31810,
      31820,
      31830,
      31840,
      31850,
      31860,
      31870,
      31880,
      31890,
      31900,
      31910,
      31920,
      31930,
      32000,
      32110,
      32120,
      32140,
      32150,
      32160,
      32200,
      32310,
      32330,
      32340,
      32350,
      32360,
      32370,
      32380,
      32390,
      32430,
      32440,
      32450,
      32460,
      32470,
      32500,
      32510,
      32610,
      32620,
      32630,
      32640,
      32650,
      32660,
      32680,
      32710,
      32720,
      32730,
      32740,
      32750,
      32760,
      32770,
      32900,
      33100,
      33110,
      33120,
      33130,
      33180,
      33220,
      33230,
      33320,
      33390,
      33460,
      33520,
      33540,
      33550,
      33570,
      33580,
      33600,
      33610,
      33620,
      33650,
      33660,
      33670,
      33680,
      33700,
      33710,
      33720,
      33730,
      33750,
      33760,
      33770,
      33790,
      33900,
      33930,
      33950,
      33980,
      33990,
      34010,
      34030,
      34190,
      34410,
      34420,
      34500,
      34600,
      34630,
      34640,
      34800,
      34810,
      34820,
      34830,
      34870,
      34900,
      34920,
      35000,
      35030,
      35070,
      35130,
      35140,
      35300,
      35310,
      35320,
      35450,
      35460,
      35480,
      35600,
      35700,
      35720,
      35800,
      36000,
      36130,
      36150,
      36900,
      36910,
      37000,
      37210,
      37220,
      37230,
      37240,
      37260,
      37280,
      37290,
      37300,
      37310,
      37320,
      37330,
      37340,
      37360,
      37370,
      37380,
      37390,
      37400,
      37500,
      37600,
      37800,
      37960,
      38000,
      38070,
      38080,
      38090,
      38100,
      38110,
      38120,
      38130,
      38140,
      38150,
      38160,
      38170,
      38180,
      38190,
      38210,
      38230,
      38400,
      38410,
      38420,
      38430,
      38440,
      38450,
      38460,
      38480,
      38490,
      38600,
      38700,
      38720,
      38740,
      39000,
      39110,
      39120,
      39150,
      39160,
      39190,
      39200,
      39210,
      39391,
      39392,
      39500,
      39510,
      39520,
      39530,
      39540,
      39550,
      39560,
      39630,
      39640,
      39650,
      39660,
      39670,
      39680,
      39690,
      39800,
      39900,
      40100,
      40200,
      40210,
      40300,
      40320,
      40330,
      40340,
      40350,
      40380,
      40390,
      40400,
      40420,
      40500,
      40700,
      40720,
      40800,
      40930,
      40950,
      40960,
      40970,
      40980,
      40990,
      41000,
      41014,
      41050,
      41060,
      41070,
      41100,
      41300,
      41400,
      41500,
      41600,
      41660,
      41680,
      41730,
      41740,
      41800,
      41900,
      42000,
      42120,
      42140,
      42147,
      42170,
      42200,
      42210,
      42220,
      42230,
      42500,
      42670,
      42680,
      42700,
      42810,
      42850,
      42890,
      42900,
      42910,
      42920,
      42930,
      42940,
      42950,
      42960,
      42980,
      42990,
      43000,
      43100,
      43190,
      43500,
      43600,
      44100,
      44600,
      44680,
      44690,
      45100,
      45200,
      45300,
      45400,
      45410,
      45420,
      45450,
      45720,
      45740,
      45750,
      45760,
      45770,
      46000,
      46200,
      46250,
      46260,
      46270,
      46280,
      46290,
      46340,
      46350,
      46360,
      46370,
      46380,
      46400,
      46410,
      46440,
      46450,
      46460,
      46480,
      46490,
      46500,
      46510,
      46520,
      46540,
      46550,
      46560,
      46570,
      46600,
      46700,
      46710,
      46720,
      46730,
      46740,
      46750,
      46760,
      46770,
      46790,
      46830,
      46840,
      46850,
      47110,
      47120,
      47130,
      47400,
      47410,
      47700,
      47780,
      47790,
      47810,
      47890,
      47920,
      48000,
      48110,
      48150,
      48190,
      48220,
      48240,
      48700,
      48720,
      48800,
      48900,
      48950,
      49000,
      49300,
      49320,
      49330,
      49520,
      49540,
      49600,
      49800,
      49810,
      49900,
      50000,
      50130,
      50510,
      50620,
      50910,
      50920,
      50930,
      50940,
      50960,
      50970,
      50980,
      50990,
      51000,
      51010,
      51020,
      51030,
      51060,
      55000,
      55020,
      55040,
      55100,
      55110,
      55140,
      55150,
      55230,
      57000,
      57200,
      57300,
      57620,
      57650,
      57680,
      57690,
      57700,
      57740,
      57800,
      57900,
      58200,
      58230,
      58400,
      58550,
      58560,
      58570,
      58610,
      60340,
      60350,
      60600,
      60700,
      60800,
      61100,
      61310,
      61500,
      61510,
      61520,
      61600,
      61730,
      62000,
      62100,
      63000,
      63110,
      63200,
      63380,
      63500,
      63610,
      63620,
      63630,
      63640,
      63650,
      63660,
      63700,
      63710,
      63800,
      63900,
      63910,
      63940,
      63950,
      63960,
      63970,
      64000,
      65070,
      65080,
      65200,
      65300,
      65400,
      65500,
      65530,
      65540,
      65560,
      65600,
      65610,
      65730,
      65740,
      65780,
      65790,
      65800,
      65930,
      65980
    ],
    "player_captures": {}
  },
  "capacity": {
    "plan_hash": "ee322702df2b0a3105f8f2b47c647c85c4c483c244f0450a394bf93036f0c3a7",
    "admitted": true,
    "errors": [],
    "plan": {
      "version": 1,
      "app_ids": [
        10,
        440,
        570
      ],
      "sources": [
        {
          "source": "steam_current_players_v1",
          "version": "1",
          "endpoint": "https://api.steampowered.com/ISteamUserStats/GetNumberOfCurrentPlayers/v1/",
          "host_group": "webapi",
          "requests": [
            {
              "app_id": 10,
              "parameters": {
                "appid": 10
              }
            },
            {
              "app_id": 440,
              "parameters": {
                "appid": 440
              }
            },
            {
              "app_id": 570,
              "parameters": {
                "appid": 570
              }
            }
          ]
        },
        {
          "source": "steam_store_name_v1",
          "version": "1",
          "endpoint": "https://store.steampowered.com/api/appdetails",
          "host_group": "store",
          "requests": [
            {
              "app_id": 10,
              "parameters": {
                "appids": 10,
                "filters": "basic",
                "cc": "us",
                "l": "english"
              }
            },
            {
              "app_id": 440,
              "parameters": {
                "appids": 440,
                "filters": "basic",
                "cc": "us",
                "l": "english"
              }
            },
            {
              "app_id": 570,
              "parameters": {
                "appids": 570,
                "filters": "basic",
                "cc": "us",
                "l": "english"
              }
            }
          ]
        }
      ],
      "cadence_seconds": 300,
      "http": {
        "timeout_seconds": 10,
        "max_attempts": 1,
        "min_interval_seconds": 1,
        "max_response_bytes": 2000000
      },
      "quota": {
        "webapi_rolling_24h": 90000,
        "store_rolling_24h": 5000
      },
      "scheduler": {
        "lease_seconds": 120,
        "max_run_seconds": 86400,
        "poll_seconds": 1,
        "retry_reserve": 10
      },
      "concurrency": 1,
      "occurrence_policy": "enable-relative UTC slots; deadline is next slot; no backfill",
      "cohort": {
        "version": 1,
        "pinned_app_ids": [
          440,
          570
        ],
        "cadence_seconds": 300,
        "enabled": true,
        "max_apps": 3,
        "exploration_slots": 1,
        "candidate_limit": 1000,
        "max_evidence_samples": 5000,
        "min_samples": 3,
        "evidence_max_age_seconds": 3600,
        "min_residency_seconds": 3600,
        "reconcile_interval_seconds": 3600,
        "promote_above": 1000,
        "demote_below": 100,
        "max_replacements": 1,
        "discovery_webapi_reserve": 20,
        "discovery_store_reserve": 2
      }
    },
    "app_count": 3,
    "app_ids": [
      10,
      440,
      570
    ],
    "one_cycle_jobs": 6,
    "one_cycle_attempt_ceiling": 6,
    "worst_case_cycle_seconds": 249.0,
    "capacity_basis": "serialized concurrency 1; four HTTP timeout phases plus spacing and maximum retry backoff; late responses are rejected",
    "shared_spare_dispatch_seconds_24h": 7310.0,
    "budgets": {
      "webapi": {
        "rolling_24h_occurrence_ceiling": 867,
        "scheduled_attempt_ceiling": 867,
        "configured_attempt_budget": 90000,
        "configured_reserve": 10,
        "serialized_attempt_capacity": 2107,
        "usable_reserve": 89,
        "minimum_spacing_seconds": 1,
        "cohort_attempt_reserve": 95
      },
      "store": {
        "rolling_24h_occurrence_ceiling": 867,
        "scheduled_attempt_ceiling": 867,
        "configured_attempt_budget": 5000,
        "configured_reserve": 10,
        "serialized_attempt_capacity": 2057,
        "usable_reserve": 87,
        "minimum_spacing_seconds": 2,
        "cohort_attempt_reserve": 77
      }
    },
    "writes": "retained runs, jobs, attempts, captures, projections and approval events",
    "scheduler_enabled": false
  },
  "steam_requests": 0,
  "scheduler_enabled": false,
  "writes": "one cohort adoption and new tracking start/end events; no source collection or history deletion"
}
{
  "status": "adopted",
  "event_id": 1,
  "app_ids": [
    10,
    440,
    570
  ],
  "changes": [
    {
      "app_id": 10,
      "action": "explore",
      "reason": "reserved exploration slot"
    }
  ],
  "plan_hash": "ee322702df2b0a3105f8f2b47c647c85c4c483c244f0450a394bf93036f0c3a7",
  "scheduler_enabled": false,
  "steam_requests": 0
}
